# Time (in ms) between sending the request and receiving the last response packet.
693
693
693
1577
694
694
693
694
693
1155
693
693
694
693
692
1317
694
693
693
693
1603
693
694
693
693
693
1116
693
693
693
693
694
1278
693
694
693
693
694
1133
693
693
694
693
693
1650
692
694
693
693
1088
693
694
693
693
694
1222
694
693
693
694
693
1115
693
693
694
693
694
1228
693
693
693
694
693
1184
693
693
694
693
1149
694
693
693
694
693
1163
693
693
694
693
694
1200
694
693
693
694
693
1676
693
694
693
694
1248
693
694
693
694
693
1100
693
694
693
693
693
1105
694
