0 0
0 694
0 698
1 698
2 697
2 1095
3 696
4 696
5 694
5 694
6 694
7 1098
8 695
9 696
9 697
10 694
11 698
11 1130
13 699
13 700
14 693
15 695
15 697
16 1098
17 695
18 696
19 696
19 696
20 696
21 1238
22 696
23 697
23 705
24 695
25 696
25 1149
27 696
27 695
28 695
29 696
29 695
30 1087
31 694
32 697
32 698
33 697
34 700
35 1089
36 694
36 697
37 696
38 696
38 696
39 1124
40 699
41 697
42 694
42 696
43 697
44 1056
45 695
45 695
46 693
47 694
48 694
48 1045
49 698
50 696
51 698
51 695
52 694
53 1114
54 696
55 694
55 694
56 697
57 698
57 1124
59 694
59 695
60 693
61 695
61 694
62 1079
63 694
64 695
64 694
65 694
66 694
67 1066
68 696
68 696
69 698
70 697
70 696
71 1099
72 694
